cluster	am	ar	br	ca	cp	da	hl	ho	mo	lo	ne	oy	pb	sa	sh	sm	ur	example
sgene1	0	0	0	0	0	0	0	0	0	0	0	0	0	0	0	0	0	(null)
sgene2	0	0	0	0	0	0	0	0	0	0	0	0	0	0	0	0	0	(null)
sgene3	0	0	0	0	0	0	0	0	0	0	0	0	0	0	0	0	0	(null)
sgene4	0	0	0	0	0	0	0	0	0	0	0	0	0	0	0	0	0	(null)
sgene5	0	0	0	0	0	0	0	0	0	0	0	0	0	0	0	0	0	(null)
sgene6	0	0	0	0	0	0	0	0	0	0	0	0	0	0	0	0	0	(null)
sgene7	0	0	0	0	0	0	0	0	0	0	0	0	0	0	0	0	0	(null)
sgene8	0	0	0	0	0	0	0	0	0	0	0	0	0	0	0	0	0	(null)
sgene9	0	0	0	0	0	0	0	0	0	0	0	0	0	0	0	0	0	(null)
sgene10	0	0	0	0	0	0	0	0	0	0	0	0	0	0	0	0	0	(null)
sgene11	0	0	0	0	0	0	0	0	0	0	0	0	0	0	0	0	0	(null)
sgene12	0	0	0	0	0	0	0	0	0	0	0	0	0	0	0	0	0	(null)
sgene13	0	0	0	0	0	0	0	0	0	0	0	0	0	0	0	0	0	(null)
sgene14	0	0	0	0	0	0	0	0	0	0	0	0	0	0	0	0	0	(null)
sgene15	0	0	0	0	0	0	0	0	0	0	0	0	0	0	0	0	0	(null)
sgene16	0	0	0	0	0	0	0	0	0	0	0	0	0	0	0	0	0	(null)
sgene17	0	0	0	0	0	0	0	0	0	0	0	0	0	0	0	0	0	(null)
sgene18	0	0	0	0	0	0	0	0	0	0	0	0	0	0	0	0	0	(null)
sgene19	0	0	0	0	0	0	0	0	0	0	0	0	0	0	0	0	0	(null)
sgene20	0	0	0	0	0	0	0	0	0	0	0	0	0	0	0	0	0	(null)
sgene21	0	0	0	0	0	0	0	0	0	0	0	0	0	0	0	0	0	(null)
sgene22	0	0	0	0	0	0	0	0	0	0	0	0	0	0	0	0	0	(null)
sgene23	0	0	0	0	0	0	0	0	0	0	0	0	0	0	0	0	0	(null)
sgene24	0	0	0	0	0	0	0	0	0	0	0	0	0	0	0	0	0	(null)
sgene25	0	0	0	0	0	0	0	0	0	0	0	0	0	0	0	0	0	(null)
sgene26	0	0	0	0	0	0	0	0	0	0	0	0	0	0	0	0	0	(null)
sgene27	0	0	0	0	0	0	0	0	0	0	0	0	0	0	0	0	0	(null)
sgene28	0	0	0	0	0	0	0	0	0	0	0	0	0	0	0	0	0	(null)
sgene29	0	0	0	0	0	0	0	0	0	0	0	0	0	0	0	0	0	(null)
sgene30	0	0	0	0	0	0	0	0	0	0	0	0	0	0	0	0	0	(null)
sgene31	0	0	0	0	0	0	0	0	0	0	0	0	0	0	0	0	0	(null)
sgene32	0	0	0	0	0	0	0	0	0	0	0	0	0	0	0	0	0	(null)
sgene33	0	0	0	0	0	0	0	0	0	0	0	0	0	0	0	0	0	(null)
sgene34	0	0	0	0	0	0	0	0	0	0	0	0	0	0	0	0	0	(null)
sgene35	0	0	0	0	0	0	0	0	0	0	0	0	0	0	0	0	0	(null)
sgene36	0	0	0	0	0	0	0	0	0	0	0	0	0	0	0	0	0	(null)
sgene37	0	0	0	0	0	0	0	0	0	0	0	0	0	0	0	0	0	(null)
sgene38	0	0	0	0	0	0	0	0	0	0	0	0	0	0	0	0	0	(null)
sgene39	0	0	0	0	0	0	0	0	0	0	0	0	0	0	0	0	0	(null)
sgene40	0	0	0	0	0	0	0	0	0	0	0	0	0	0	0	0	0	(null)
sgene41	0	0	0	0	0	0	0	0	0	0	0	0	0	0	0	0	0	(null)
sgene42	0	0	0	0	0	0	0	0	0	0	0	0	0	0	0	0	0	(null)
sgene43	0	0	0	0	0	0	0	0	0	0	0	0	0	0	0	0	0	(null)
sgene44	0	0	0	0	0	0	0	0	0	0	0	0	0	0	0	0	0	(null)
sgene45	0	0	0	0	0	0	0	0	0	0	0	0	0	0	0	0	0	(null)
sgene46	0	0	0	0	0	0	0	0	0	0	0	0	0	0	0	0	0	(null)
sgene47	0	0	0	0	0	0	0	0	0	0	0	0	0	0	0	0	0	(null)
sgene48	0	0	0	0	0	0	0	0	0	0	0	0	0	0	0	0	0	(null)
sgene49	0	0	0	0	0	0	0	0	0	0	0	0	0	0	0	0	0	(null)
sgene50	0	0	0	0	0	0	0	0	0	0	0	0	0	0	0	0	0	(null)
sgene51	0	0	0	0	0	0	0	0	0	0	0	0	0	0	0	0	0	(null)
sgene52	0	0	0	0	0	0	0	0	0	0	0	0	0	0	0	0	0	(null)
sgene53	0	0	0	0	0	0	0	0	0	0	0	0	0	0	0	0	0	(null)
sgene54	0	0	0	0	0	0	0	0	0	0	0	0	0	0	0	0	0	(null)
sgene55	0	0	0	0	0	0	0	0	0	0	0	0	0	0	0	0	0	(null)
sgene56	0	0	0	0	0	0	0	0	0	0	0	0	0	0	0	0	0	(null)
sgene57	0	0	0	0	0	0	0	0	0	0	0	0	0	0	0	0	0	(null)
sgene58	0	0	0	0	0	0	0	0	0	0	0	0	0	0	0	0	0	(null)
sgene59	0	0	0	0	0	0	0	0	0	0	0	0	0	0	0	0	0	(null)
sgene60	0	0	0	0	0	0	0	0	0	0	0	0	0	0	0	0	0	(null)
sgene61	0	0	0	0	0	0	0	0	0	0	0	0	0	0	0	0	0	(null)
sgene62	0	0	0	0	0	0	0	0	0	0	0	0	0	0	0	0	0	(null)
sgene63	0	0	0	0	0	0	0	0	0	0	0	0	0	0	0	0	0	(null)
sgene64	0	0	0	0	0	0	0	0	0	0	0	0	0	0	0	0	0	(null)
sgene65	0	0	0	0	0	0	0	0	0	0	0	0	0	0	0	0	0	(null)
sgene66	0	0	0	0	0	0	0	0	0	0	0	0	0	0	0	0	0	(null)
sgene67	0	0	0	0	0	0	0	0	0	0	0	0	0	0	0	0	0	(null)
sgene68	0	0	0	0	0	0	0	0	0	0	0	0	0	0	0	0	0	(null)
sgene69	0	0	0	0	0	0	0	0	0	0	0	0	0	0	0	0	0	(null)
sgene70	0	0	0	0	0	0	0	0	0	0	0	0	0	0	0	0	0	(null)
sgene71	0	0	0	0	0	0	0	0	0	0	0	0	0	0	0	0	0	(null)
sgene72	0	0	0	0	0	0	0	0	0	0	0	0	0	0	0	0	0	(null)
sgene73	0	0	0	0	0	0	0	0	0	0	0	0	0	0	0	0	0	(null)
sgene74	0	0	0	0	0	0	0	0	0	0	0	0	0	0	0	0	0	(null)
sgene75	0	0	0	0	0	0	0	0	0	0	0	0	0	0	0	0	0	(null)
sgene76	0	0	0	0	0	0	0	0	0	0	0	0	0	0	0	0	0	(null)
sgene77	0	0	0	0	0	0	0	0	0	0	0	0	0	0	0	0	0	(null)
sgene78	0	0	0	0	0	0	0	0	0	0	0	0	0	0	0	0	0	(null)
sgene79	0	0	0	0	0	0	0	0	0	0	0	0	0	0	0	0	0	(null)
sgene80	0	0	0	0	0	0	0	0	0	0	0	0	0	0	0	0	0	(null)
sgene81	0	0	0	0	0	0	0	0	0	0	0	0	0	0	0	0	0	(null)
sgene82	0	0	0	0	0	0	0	0	0	0	0	0	0	0	0	0	0	(null)
sgene83	0	0	0	0	0	0	0	0	0	0	0	0	0	0	0	0	0	(null)
sgene84	0	0	0	0	0	0	0	0	0	0	0	0	0	0	0	0	0	(null)
sgene85	0	0	0	0	0	0	0	0	0	0	0	0	0	0	0	0	0	(null)
sgene86	0	0	0	0	0	0	0	0	0	0	0	0	0	0	0	0	0	(null)
sgene87	0	0	0	0	0	0	0	0	0	0	0	0	0	0	0	0	0	(null)
sgene88	0	0	0	0	0	0	0	0	0	0	0	0	0	0	0	0	0	(null)
sgene89	0	0	0	0	0	0	0	0	0	0	0	0	0	0	0	0	0	(null)
sgene90	0	0	0	0	0	0	0	0	0	0	0	0	0	0	0	0	0	(null)
sgene91	0	0	0	0	0	0	0	0	0	0	0	0	0	0	0	0	0	(null)
sgene92	0	0	0	0	0	0	0	0	0	0	0	0	0	0	0	0	0	(null)
sgene93	0	0	0	0	0	0	0	0	0	0	0	0	0	0	0	0	0	(null)
sgene94	0	0	0	0	0	0	0	0	0	0	0	0	0	0	0	0	0	(null)
sgene95	0	0	0	0	0	0	0	0	0	0	0	0	0	0	0	0	0	(null)
sgene96	0	0	0	0	0	0	0	0	0	0	0	0	0	0	0	0	0	(null)
sgene97	0	0	0	0	0	0	0	0	0	0	0	0	0	0	0	0	0	(null)
sgene98	0	0	0	0	0	0	0	0	0	0	0	0	0	0	0	0	0	(null)
sgene99	0	0	0	0	0	0	0	0	0	0	0	0	0	0	0	0	0	(null)
sgene100	0	0	0	0	0	0	0	0	0	0	0	0	0	0	0	0	0	(null)
sgene101	0	0	0	0	0	0	0	0	0	0	0	0	0	0	0	0	0	(null)
sgene102	0	0	0	0	0	0	0	0	0	0	0	0	0	0	0	0	0	(null)
sgene103	0	0	0	0	0	0	0	0	0	0	0	0	0	0	0	0	0	(null)
sgene104	0	0	0	0	0	0	0	0	0	0	0	0	0	0	0	0	0	(null)
sgene105	0	0	0	0	0	0	0	0	0	0	0	0	0	0	0	0	0	(null)
sgene106	0	0	0	0	0	0	0	0	0	0	0	0	0	0	0	0	0	(null)
sgene107	0	0	0	0	0	0	0	0	0	0	0	0	0	0	0	0	0	(null)
sgene108	0	0	0	0	0	0	0	0	0	0	0	0	0	0	0	0	0	(null)
sgene109	0	0	0	0	0	0	0	0	0	0	0	0	0	0	0	0	0	(null)
sgene110	0	0	0	0	0	0	0	0	0	0	0	0	0	0	0	0	0	(null)
sgene111	0	0	0	0	0	0	0	0	0	0	0	0	0	0	0	0	0	(null)
sgene112	0	0	0	0	0	0	0	0	0	0	0	0	0	0	0	0	0	(null)
sgene113	0	0	0	0	0	0	0	0	0	0	0	0	0	0	0	0	0	(null)
sgene114	0	0	0	0	0	0	0	0	0	0	0	0	0	0	0	0	0	(null)
sgene115	0	0	0	0	0	0	0	0	0	0	0	0	0	0	0	0	0	(null)
sgene116	0	0	0	0	0	0	0	0	0	0	0	0	0	0	0	0	0	(null)
sgene117	0	0	0	0	0	0	0	0	0	0	0	0	0	0	0	0	0	(null)
sgene118	0	0	0	0	0	0	0	0	0	0	0	0	0	0	0	0	0	(null)
sgene119	0	0	0	0	0	0	0	0	0	0	0	0	0	0	0	0	0	(null)
sgene120	0	0	0	0	0	0	0	0	0	0	0	0	0	0	0	0	0	(null)
sgene121	0	0	0	0	0	0	0	0	0	0	0	0	0	0	0	0	0	(null)
sgene122	0	0	0	0	0	0	0	0	0	0	0	0	0	0	0	0	0	(null)
sgene123	0	0	0	0	0	0	0	0	0	0	0	0	0	0	0	0	0	(null)
sgene124	0	0	0	0	0	0	0	0	0	0	0	0	0	0	0	0	0	(null)
sgene125	0	0	0	0	0	0	0	0	0	0	0	0	0	0	0	0	0	(null)
sgene126	0	0	0	0	0	0	0	0	0	0	0	0	0	0	0	0	0	(null)
sgene127	0	0	0	0	0	0	0	0	0	0	0	0	0	0	0	0	0	(null)
sgene128	0	0	0	0	0	0	0	0	0	0	0	0	0	0	0	0	0	(null)
sgene129	0	0	0	0	0	0	0	0	0	0	0	0	0	0	0	0	0	(null)
sgene130	0	0	0	0	0	0	0	0	0	0	0	0	0	0	0	0	0	(null)
sgene131	0	0	0	0	0	0	0	0	0	0	0	0	0	0	0	0	0	(null)
sgene132	0	0	0	0	0	0	0	0	0	0	0	0	0	0	0	0	0	(null)
sgene133	0	0	0	0	0	0	0	0	0	0	0	0	0	0	0	0	0	(null)
sgene134	0	0	0	0	0	0	0	0	0	0	0	0	0	0	0	0	0	(null)
sgene135	0	0	0	0	0	0	0	0	0	0	0	0	0	0	0	0	0	(null)
sgene136	0	0	0	0	0	0	0	0	0	0	0	0	0	0	0	0	0	(null)
sgene137	0	0	0	0	0	0	0	0	0	0	0	0	0	0	0	0	0	(null)
sgene138	0	0	0	0	0	0	0	0	0	0	0	0	0	0	0	0	0	(null)
sgene139	0	0	0	0	0	0	0	0	0	0	0	0	0	0	0	0	0	(null)
sgene140	0	0	0	0	0	0	0	0	0	0	0	0	0	0	0	0	0	(null)
sgene141	0	0	0	0	0	0	0	0	0	0	0	0	0	0	0	0	0	(null)
sgene142	0	0	0	0	0	0	0	0	0	0	0	0	0	0	0	0	0	(null)
sgene143	0	0	0	0	0	0	0	0	0	0	0	0	0	0	0	0	0	(null)
sgene144	0	0	0	0	0	0	0	0	0	0	0	0	0	0	0	0	0	(null)
sgene145	0	0	0	0	0	0	0	0	0	0	0	0	0	0	0	0	0	(null)
sgene146	0	0	0	0	0	0	0	0	0	0	0	0	0	0	0	0	0	(null)
sgene147	0	0	0	0	0	0	0	0	0	0	0	0	0	0	0	0	0	(null)
sgene148	0	0	0	0	0	0	0	0	0	0	0	0	0	0	0	0	0	(null)
sgene149	0	0	0	0	0	0	0	0	0	0	0	0	0	0	0	0	0	(null)
sgene150	0	0	0	0	0	0	0	0	0	0	0	0	0	0	0	0	0	(null)
sgene151	0	0	0	0	0	0	0	0	0	0	0	0	0	0	0	0	0	(null)
sgene152	0	0	0	0	0	0	0	0	0	0	0	0	0	0	0	0	0	(null)
sgene153	0	0	0	0	0	0	0	0	0	0	0	0	0	0	0	0	0	(null)
sgene154	0	0	0	0	0	0	0	0	0	0	0	0	0	0	0	0	0	(null)
sgene155	0	0	0	0	0	0	0	0	0	0	0	0	0	0	0	0	0	(null)
sgene156	0	0	0	0	0	0	0	0	0	0	0	0	0	0	0	0	0	(null)
sgene157	0	0	0	0	0	0	0	0	0	0	0	0	0	0	0	0	0	(null)
sgene158	0	0	0	0	0	0	0	0	0	0	0	0	0	0	0	0	0	(null)
sgene159	0	0	0	0	0	0	0	0	0	0	0	0	0	0	0	0	0	(null)
sgene160	0	0	0	0	0	0	0	0	0	0	0	0	0	0	0	0	0	(null)
sgene161	0	0	0	0	0	0	0	0	0	0	0	0	0	0	0	0	0	(null)
sgene162	0	0	0	0	0	0	0	0	0	0	0	0	0	0	0	0	0	(null)
sgene163	0	0	0	0	0	0	0	0	0	0	0	0	0	0	0	0	0	(null)
sgene164	0	0	0	0	0	0	0	0	0	0	0	0	0	0	0	0	0	(null)
sgene165	0	0	0	0	0	0	0	0	0	0	0	0	0	0	0	0	0	(null)
sgene166	0	0	0	0	0	0	0	0	0	0	0	0	0	0	0	0	0	(null)
sgene167	0	0	0	0	0	0	0	0	0	0	0	0	0	0	0	0	0	(null)
sgene168	0	0	0	0	0	0	0	0	0	0	0	0	0	0	0	0	0	(null)
sgene169	0	0	0	0	0	0	0	0	0	0	0	0	0	0	0	0	0	(null)
sgene170	0	0	0	0	0	0	0	0	0	0	0	0	0	0	0	0	0	(null)
sgene171	0	0	0	0	0	0	0	0	0	0	0	0	0	0	0	0	0	(null)
sgene172	0	0	0	0	0	0	0	0	0	0	0	0	0	0	0	0	0	(null)
sgene173	0	0	0	0	0	0	0	0	0	0	0	0	0	0	0	0	0	(null)
sgene174	0	0	0	0	0	0	0	0	0	0	0	0	0	0	0	0	0	(null)
sgene175	0	0	0	0	0	0	0	0	0	0	0	0	0	0	0	0	0	(null)
sgene176	0	0	0	0	0	0	0	0	0	0	0	0	0	0	0	0	0	(null)
sgene177	0	0	0	0	0	0	0	0	0	0	0	0	0	0	0	0	0	(null)
sgene178	0	0	0	0	0	0	0	0	0	0	0	0	0	0	0	0	0	(null)
sgene179	0	0	0	0	0	0	0	0	0	0	0	0	0	0	0	0	0	(null)
sgene180	0	0	0	0	0	0	0	0	0	0	0	0	0	0	0	0	0	(null)
sgene181	0	0	0	0	0	0	0	0	0	0	0	0	0	0	0	0	0	(null)
sgene182	0	0	0	0	0	0	0	0	0	0	0	0	0	0	0	0	0	(null)
sgene183	0	0	0	0	0	0	0	0	0	0	0	0	0	0	0	0	0	(null)
sgene184	0	0	0	0	0	0	0	0	0	0	0	0	0	0	0	0	0	(null)
sgene185	0	0	0	0	0	0	0	0	0	0	0	0	0	0	0	0	0	(null)
sgene186	0	0	0	0	0	0	0	0	0	0	0	0	0	0	0	0	0	(null)
sgene187	0	0	0	0	0	0	0	0	0	0	0	0	0	0	0	0	0	(null)
sgene188	0	0	0	0	0	0	0	0	0	0	0	0	0	0	0	0	0	(null)
sgene189	0	0	0	0	0	0	0	0	0	0	0	0	0	0	0	0	0	(null)
sgene190	0	0	0	0	0	0	0	0	0	0	0	0	0	0	0	0	0	(null)
sgene191	0	0	0	0	0	0	0	0	0	0	0	0	0	0	0	0	0	(null)
sgene192	0	0	0	0	0	0	0	0	0	0	0	0	0	0	0	0	0	(null)
sgene193	0	0	0	0	0	0	0	0	0	0	0	0	0	0	0	0	0	(null)
sgene194	0	0	0	0	0	0	0	0	0	0	0	0	0	0	0	0	0	(null)
sgene195	0	0	0	0	0	0	0	0	0	0	0	0	0	0	0	0	0	(null)
sgene196	0	0	0	0	0	0	0	0	0	0	0	0	0	0	0	0	0	(null)
sgene197	0	0	0	0	0	0	0	0	0	0	0	0	0	0	0	0	0	(null)
sgene198	0	0	0	0	0	0	0	0	0	0	0	0	0	0	0	0	0	(null)
sgene199	0	0	0	0	0	0	0	0	0	0	0	0	0	0	0	0	0	(null)
sgene200	0	0	0	0	0	0	0	0	0	0	0	0	0	0	0	0	0	(null)
sgene201	0	0	0	0	0	0	0	0	0	0	0	0	0	0	0	0	0	(null)
sgene202	0	0	0	0	0	0	0	0	0	0	0	0	0	0	0	0	0	(null)
sgene203	0	0	0	0	0	0	0	0	0	0	0	0	0	0	0	0	0	(null)
sgene204	0	0	0	0	0	0	0	0	0	0	0	0	0	0	0	0	0	(null)
sgene205	0	0	0	0	0	0	0	0	0	0	0	0	0	0	0	0	0	(null)
sgene206	0	0	0	0	0	0	0	0	0	0	0	0	0	0	0	0	0	(null)
sgene207	0	0	0	0	0	0	0	0	0	0	0	0	0	0	0	0	0	(null)
sgene208	0	0	0	0	0	0	0	0	0	0	0	0	0	0	0	0	0	(null)
sgene209	0	0	0	0	0	0	0	0	0	0	0	0	0	0	0	0	0	(null)
sgene210	0	0	0	0	0	0	0	0	0	0	0	0	0	0	0	0	0	(null)
sgene211	0	0	0	0	0	0	0	0	0	0	0	0	0	0	0	0	0	(null)
sgene212	0	0	0	0	0	0	0	0	0	0	0	0	0	0	0	0	0	(null)
sgene213	0	0	0	0	0	0	0	0	0	0	0	0	0	0	0	0	0	(null)
sgene214	0	0	0	0	0	0	0	0	0	0	0	0	0	0	0	0	0	(null)
sgene215	0	0	0	0	0	0	0	0	0	0	0	0	0	0	0	0	0	(null)
sgene216	0	0	0	0	0	0	0	0	0	0	0	0	0	0	0	0	0	(null)
sgene217	0	0	0	0	0	0	0	0	0	0	0	0	0	0	0	0	0	(null)
sgene218	0	0	0	0	0	0	0	0	0	0	0	0	0	0	0	0	0	(null)
sgene219	0	0	0	0	0	0	0	0	0	0	0	0	0	0	0	0	0	(null)
sgene220	0	0	0	0	0	0	0	0	0	0	0	0	0	0	0	0	0	(null)
sgene221	0	0	0	0	0	0	0	0	0	0	0	0	0	0	0	0	0	(null)
sgene222	0	0	0	0	0	0	0	0	0	0	0	0	0	0	0	0	0	(null)
sgene223	0	0	0	0	0	0	0	0	0	0	0	0	0	0	0	0	0	(null)
sgene224	0	0	0	0	0	0	0	0	0	0	0	0	0	0	0	0	0	(null)
sgene225	0	0	0	0	0	0	0	0	0	0	0	0	0	0	0	0	0	(null)
sgene226	0	0	0	0	0	0	0	0	0	0	0	0	0	0	0	0	0	(null)
sgene227	0	0	0	0	0	0	0	0	0	0	0	0	0	0	0	0	0	(null)
sgene228	0	0	0	0	0	0	0	0	0	0	0	0	0	0	0	0	0	(null)
sgene229	0	0	0	0	0	0	0	0	0	0	0	0	0	0	0	0	0	(null)
sgene230	0	0	0	0	0	0	0	0	0	0	0	0	0	0	0	0	0	(null)
sgene231	0	0	0	0	0	0	0	0	0	0	0	0	0	0	0	0	0	(null)
sgene232	0	0	0	0	0	0	0	0	0	0	0	0	0	0	0	0	0	(null)
sgene233	0	0	0	0	0	0	0	0	0	0	0	0	0	0	0	0	0	(null)
sgene234	0	0	0	0	0	0	0	0	0	0	0	0	0	0	0	0	0	(null)
sgene235	0	0	0	0	0	0	0	0	0	0	0	0	0	0	0	0	0	(null)
sgene236	0	0	0	0	0	0	0	0	0	0	0	0	0	0	0	0	0	(null)
sgene237	0	0	0	0	0	0	0	0	0	0	0	0	0	0	0	0	0	(null)
sgene238	0	0	0	0	0	0	0	0	0	0	0	0	0	0	0	0	0	(null)
sgene239	0	0	0	0	0	0	0	0	0	0	0	0	0	0	0	0	0	(null)
sgene240	0	0	0	0	0	0	0	0	0	0	0	0	0	0	0	0	0	(null)
sgene241	0	0	0	0	0	0	0	0	0	0	0	0	0	0	0	0	0	(null)
sgene242	0	0	0	0	0	0	0	0	0	0	0	0	0	0	0	0	0	(null)
sgene243	0	0	0	0	0	0	0	0	0	0	0	0	0	0	0	0	0	(null)
sgene244	0	0	0	0	0	0	0	0	0	0	0	0	0	0	0	0	0	(null)
sgene245	0	0	0	0	0	0	0	0	0	0	0	0	0	0	0	0	0	(null)
sgene246	0	0	0	0	0	0	0	0	0	0	0	0	0	0	0	0	0	(null)
sgene247	0	0	0	0	0	0	0	0	0	0	0	0	0	0	0	0	0	(null)
sgene248	0	0	0	0	0	0	0	0	0	0	0	0	0	0	0	0	0	(null)
sgene249	0	0	0	0	0	0	0	0	0	0	0	0	0	0	0	0	0	(null)
sgene250	0	0	0	0	0	0	0	0	0	0	0	0	0	0	0	0	0	(null)
sgene251	0	0	0	0	0	0	0	0	0	0	0	0	0	0	0	0	0	(null)
sgene252	0	0	0	0	0	0	0	0	0	0	0	0	0	0	0	0	0	(null)
sgene253	0	0	0	0	0	0	0	0	0	0	0	0	0	0	0	0	0	(null)
sgene254	0	0	0	0	0	0	0	0	0	0	0	0	0	0	0	0	0	(null)
sgene255	0	0	0	0	0	0	0	0	0	0	0	0	0	0	0	0	0	(null)
sgene256	0	0	0	0	0	0	0	0	0	0	0	0	0	0	0	0	0	(null)
sgene257	0	0	0	0	0	0	0	0	0	0	0	0	0	0	0	0	0	(null)
sgene258	0	0	0	0	0	0	0	0	0	0	0	0	0	0	0	0	0	(null)
sgene259	0	0	0	0	0	0	0	0	0	0	0	0	0	0	0	0	0	(null)
sgene260	0	0	0	0	0	0	0	0	0	0	0	0	0	0	0	0	0	(null)
sgene261	0	0	0	0	0	0	0	0	0	0	0	0	0	0	0	0	0	(null)
sgene262	0	0	0	0	0	0	0	0	0	0	0	0	0	0	0	0	0	(null)
sgene263	0	0	0	0	0	0	0	0	0	0	0	0	0	0	0	0	0	(null)
sgene264	0	0	0	0	0	0	0	0	0	0	0	0	0	0	0	0	0	(null)
sgene265	0	0	0	0	0	0	0	0	0	0	0	0	0	0	0	0	0	(null)
sgene266	0	0	0	0	0	0	0	0	0	0	0	0	0	0	0	0	0	(null)
sgene267	0	0	0	0	0	0	0	0	0	0	0	0	0	0	0	0	0	(null)
sgene268	0	0	0	0	0	0	0	0	0	0	0	0	0	0	0	0	0	(null)
sgene269	0	0	0	0	0	0	0	0	0	0	0	0	0	0	0	0	0	(null)
sgene270	0	0	0	0	0	0	0	0	0	0	0	0	0	0	0	0	0	(null)
sgene271	0	0	0	0	0	0	0	0	0	0	0	0	0	0	0	0	0	(null)
sgene272	0	0	0	0	0	0	0	0	0	0	0	0	0	0	0	0	0	(null)
sgene273	0	0	0	0	0	0	0	0	0	0	0	0	0	0	0	0	0	(null)
sgene274	0	0	0	0	0	0	0	0	0	0	0	0	0	0	0	0	0	(null)
sgene275	0	0	0	0	0	0	0	0	0	0	0	0	0	0	0	0	0	(null)
sgene276	0	0	0	0	0	0	0	0	0	0	0	0	0	0	0	0	0	(null)
sgene277	0	0	0	0	0	0	0	0	0	0	0	0	0	0	0	0	0	(null)
sgene278	0	0	0	0	0	0	0	0	0	0	0	0	0	0	0	0	0	(null)
sgene279	0	0	0	0	0	0	0	0	0	0	0	0	0	0	0	0	0	(null)
sgene280	0	0	0	0	0	0	0	0	0	0	0	0	0	0	0	0	0	(null)
sgene281	0	0	0	0	0	0	0	0	0	0	0	0	0	0	0	0	0	(null)
sgene282	0	0	0	0	0	0	0	0	0	0	0	0	0	0	0	0	0	(null)
sgene283	0	0	0	0	0	0	0	0	0	0	0	0	0	0	0	0	0	(null)
sgene284	0	0	0	0	0	0	0	0	0	0	0	0	0	0	0	0	0	(null)
sgene285	0	0	0	0	0	0	0	0	0	0	0	0	0	0	0	0	0	(null)
sgene286	0	0	0	0	0	0	0	0	0	0	0	0	0	0	0	0	0	(null)
sgene287	0	0	0	0	0	0	0	0	0	0	0	0	0	0	0	0	0	(null)
sgene288	0	0	0	0	0	0	0	0	0	0	0	0	0	0	0	0	0	(null)
sgene289	0	0	0	0	0	0	0	0	0	0	0	0	0	0	0	0	0	(null)
sgene290	0	0	0	0	0	0	0	0	0	0	0	0	0	0	0	0	0	(null)
sgene291	0	0	0	0	0	0	0	0	0	0	0	0	0	0	0	0	0	(null)
sgene292	0	0	0	0	0	0	0	0	0	0	0	0	0	0	0	0	0	(null)
sgene293	0	0	0	0	0	0	0	0	0	0	0	0	0	0	0	0	0	(null)
sgene294	0	0	0	0	0	0	0	0	0	0	0	0	0	0	0	0	0	(null)
sgene295	0	0	0	0	0	0	0	0	0	0	0	0	0	0	0	0	0	(null)
sgene296	0	0	0	0	0	0	0	0	0	0	0	0	0	0	0	0	0	(null)
sgene297	0	0	0	0	0	0	0	0	0	0	0	0	0	0	0	0	0	(null)
sgene298	0	0	0	0	0	0	0	0	0	0	0	0	0	0	0	0	0	(null)
sgene299	0	0	0	0	0	0	0	0	0	0	0	0	0	0	0	0	0	(null)
sgene300	0	0	0	0	0	0	0	0	0	0	0	0	0	0	0	0	0	(null)
sgene301	0	0	0	0	0	0	0	0	0	0	0	0	0	0	0	0	0	(null)
sgene302	0	0	0	0	0	0	0	0	0	0	0	0	0	0	0	0	0	(null)
sgene303	0	0	0	0	0	0	0	0	0	0	0	0	0	0	0	0	0	(null)
sgene304	0	0	0	0	0	0	0	0	0	0	0	0	0	0	0	0	0	(null)
sgene305	0	0	0	0	0	0	0	0	0	0	0	0	0	0	0	0	0	(null)
sgene306	0	0	0	0	0	0	0	0	0	0	0	0	0	0	0	0	0	(null)
sgene307	0	0	0	0	0	0	0	0	0	0	0	0	0	0	0	0	0	(null)
sgene308	0	0	0	0	0	0	0	0	0	0	0	0	0	0	0	0	0	(null)
sgene309	0	0	0	0	0	0	0	0	0	0	0	0	0	0	0	0	0	(null)
sgene310	0	0	0	0	0	0	0	0	0	0	0	0	0	0	0	0	0	(null)
sgene311	0	0	0	0	0	0	0	0	0	0	0	0	0	0	0	0	0	(null)
sgene312	0	0	0	0	0	0	0	0	0	0	0	0	0	0	0	0	0	(null)
sgene313	0	0	0	0	0	0	0	0	0	0	0	0	0	0	0	0	0	(null)
sgene314	0	0	0	0	0	0	0	0	0	0	0	0	0	0	0	0	0	(null)
sgene315	0	0	0	0	0	0	0	0	0	0	0	0	0	0	0	0	0	(null)
sgene316	0	0	0	0	0	0	0	0	0	0	0	0	0	0	0	0	0	(null)
sgene317	0	0	0	0	0	0	0	0	0	0	0	0	0	0	0	0	0	(null)
sgene318	0	0	0	0	0	0	0	0	0	0	0	0	0	0	0	0	0	(null)
sgene319	0	0	0	0	0	0	0	0	0	0	0	0	0	0	0	0	0	(null)
sgene320	0	0	0	0	0	0	0	0	0	0	0	0	0	0	0	0	0	(null)
sgene321	0	0	0	0	0	0	0	0	0	0	0	0	0	0	0	0	0	(null)
sgene322	0	0	0	0	0	0	0	0	0	0	0	0	0	0	0	0	0	(null)
sgene323	0	0	0	0	0	0	0	0	0	0	0	0	0	0	0	0	0	(null)
sgene324	0	0	0	0	0	0	0	0	0	0	0	0	0	0	0	0	0	(null)
sgene325	0	0	0	0	0	0	0	0	0	0	0	0	0	0	0	0	0	(null)
sgene326	0	0	0	0	0	0	0	0	0	0	0	0	0	0	0	0	0	(null)
sgene327	0	0	0	0	0	0	0	0	0	0	0	0	0	0	0	0	0	(null)
sgene328	0	0	0	0	0	0	0	0	0	0	0	0	0	0	0	0	0	(null)
sgene329	0	0	0	0	0	0	0	0	0	0	0	0	0	0	0	0	0	(null)
sgene330	0	0	0	0	0	0	0	0	0	0	0	0	0	0	0	0	0	(null)
sgene331	0	0	0	0	0	0	0	0	0	0	0	0	0	0	0	0	0	(null)
sgene332	0	0	0	0	0	0	0	0	0	0	0	0	0	0	0	0	0	(null)
sgene333	0	0	0	0	0	0	0	0	0	0	0	0	0	0	0	0	0	(null)
sgene334	0	0	0	0	0	0	0	0	0	0	0	0	0	0	0	0	0	(null)
sgene335	0	0	0	0	0	0	0	0	0	0	0	0	0	0	0	0	0	(null)
sgene336	0	0	0	0	0	0	0	0	0	0	0	0	0	0	0	0	0	(null)
sgene337	0	0	0	0	0	0	0	0	0	0	0	0	0	0	0	0	0	(null)
sgene338	0	0	0	0	0	0	0	0	0	0	0	0	0	0	0	0	0	(null)
sgene339	0	0	0	0	0	0	0	0	0	0	0	0	0	0	0	0	0	(null)
sgene340	0	0	0	0	0	0	0	0	0	0	0	0	0	0	0	0	0	(null)
sgene341	0	0	0	0	0	0	0	0	0	0	0	0	0	0	0	0	0	(null)
sgene342	0	0	0	0	0	0	0	0	0	0	0	0	0	0	0	0	0	(null)
sgene343	0	0	0	0	0	0	0	0	0	0	0	0	0	0	0	0	0	(null)
sgene344	0	0	0	0	0	0	0	0	0	0	0	0	0	0	0	0	0	(null)
sgene345	0	0	0	0	0	0	0	0	0	0	0	0	0	0	0	0	0	(null)
sgene346	0	0	0	0	0	0	0	0	0	0	0	0	0	0	0	0	0	(null)
sgene347	0	0	0	0	0	0	0	0	0	0	0	0	0	0	0	0	0	(null)
sgene348	0	0	0	0	0	0	0	0	0	0	0	0	0	0	0	0	0	(null)
sgene349	0	0	0	0	0	0	0	0	0	0	0	0	0	0	0	0	0	(null)
sgene350	0	0	0	0	0	0	0	0	0	0	0	0	0	0	0	0	0	(null)
sgene351	0	0	0	0	0	0	0	0	0	0	0	0	0	0	0	0	0	(null)
sgene352	0	0	0	0	0	0	0	0	0	0	0	0	0	0	0	0	0	(null)
sgene353	0	0	0	0	0	0	0	0	0	0	0	0	0	0	0	0	0	(null)
sgene354	0	0	0	0	0	0	0	0	0	0	0	0	0	0	0	0	0	(null)
sgene355	0	0	0	0	0	0	0	0	0	0	0	0	0	0	0	0	0	(null)
sgene356	0	0	0	0	0	0	0	0	0	0	0	0	0	0	0	0	0	(null)
sgene357	0	0	0	0	0	0	0	0	0	0	0	0	0	0	0	0	0	(null)
sgene358	0	0	0	0	0	0	0	0	0	0	0	0	0	0	0	0	0	(null)
sgene359	0	0	0	0	0	0	0	0	0	0	0	0	0	0	0	0	0	(null)
sgene360	0	0	0	0	0	0	0	0	0	0	0	0	0	0	0	0	0	(null)
sgene361	0	0	0	0	0	0	0	0	0	0	0	0	0	0	0	0	0	(null)
sgene362	0	0	0	0	0	0	0	0	0	0	0	0	0	0	0	0	0	(null)
sgene363	0	0	0	0	0	0	0	0	0	0	0	0	0	0	0	0	0	(null)
sgene364	0	0	0	0	0	0	0	0	0	0	0	0	0	0	0	0	0	(null)
sgene365	0	0	0	0	0	0	0	0	0	0	0	0	0	0	0	0	0	(null)
sgene366	0	0	0	0	0	0	0	0	0	0	0	0	0	0	0	0	0	(null)
sgene367	0	0	0	0	0	0	0	0	0	0	0	0	0	0	0	0	0	(null)
sgene368	0	0	0	0	0	0	0	0	0	0	0	0	0	0	0	0	0	(null)
sgene369	0	0	0	0	0	0	0	0	0	0	0	0	0	0	0	0	0	(null)
sgene370	0	0	0	0	0	0	0	0	0	0	0	0	0	0	0	0	0	(null)
sgene371	0	0	0	0	0	0	0	0	0	0	0	0	0	0	0	0	0	(null)
sgene372	0	0	0	0	0	0	0	0	0	0	0	0	0	0	0	0	0	(null)
sgene373	0	0	0	0	0	0	0	0	0	0	0	0	0	0	0	0	0	(null)
sgene374	0	0	0	0	0	0	0	0	0	0	0	0	0	0	0	0	0	(null)
sgene375	0	0	0	0	0	0	0	0	0	0	0	0	0	0	0	0	0	(null)
sgene376	0	0	0	0	0	0	0	0	0	0	0	0	0	0	0	0	0	(null)
sgene377	0	0	0	0	0	0	0	0	0	0	0	0	0	0	0	0	0	(null)
sgene378	0	0	0	0	0	0	0	0	0	0	0	0	0	0	0	0	0	(null)
sgene379	0	0	0	0	0	0	0	0	0	0	0	0	0	0	0	0	0	(null)
sgene380	0	0	0	0	0	0	0	0	0	0	0	0	0	0	0	0	0	(null)
sgene381	0	0	0	0	0	0	0	0	0	0	0	0	0	0	0	0	0	(null)
sgene382	0	0	0	0	0	0	0	0	0	0	0	0	0	0	0	0	0	(null)
sgene383	0	0	0	0	0	0	0	0	0	0	0	0	0	0	0	0	0	(null)
sgene384	0	0	0	0	0	0	0	0	0	0	0	0	0	0	0	0	0	(null)
sgene385	0	0	0	0	0	0	0	0	0	0	0	0	0	0	0	0	0	(null)
sgene386	0	0	0	0	0	0	0	0	0	0	0	0	0	0	0	0	0	(null)
sgene387	0	0	0	0	0	0	0	0	0	0	0	0	0	0	0	0	0	(null)
sgene388	0	0	0	0	0	0	0	0	0	0	0	0	0	0	0	0	0	(null)
sgene389	0	0	0	0	0	0	0	0	0	0	0	0	0	0	0	0	0	(null)
sgene390	0	0	0	0	0	0	0	0	0	0	0	0	0	0	0	0	0	(null)
sgene391	0	0	0	0	0	0	0	0	0	0	0	0	0	0	0	0	0	(null)
sgene392	0	0	0	0	0	0	0	0	0	0	0	0	0	0	0	0	0	(null)
sgene393	0	0	0	0	0	0	0	0	0	0	0	0	0	0	0	0	0	(null)
sgene394	0	0	0	0	0	0	0	0	0	0	0	0	0	0	0	0	0	(null)
sgene395	0	0	0	0	0	0	0	0	0	0	0	0	0	0	0	0	0	(null)
sgene396	0	0	0	0	0	0	0	0	0	0	0	0	0	0	0	0	0	(null)
sgene397	0	0	0	0	0	0	0	0	0	0	0	0	0	0	0	0	0	(null)
sgene398	0	0	0	0	0	0	0	0	0	0	0	0	0	0	0	0	0	(null)
sgene399	0	0	0	0	0	0	0	0	0	0	0	0	0	0	0	0	0	(null)
sgene400	0	0	0	0	0	0	0	0	0	0	0	0	0	0	0	0	0	(null)
sgene401	0	0	0	0	0	0	0	0	0	0	0	0	0	0	0	0	0	(null)
sgene402	0	0	0	0	0	0	0	0	0	0	0	0	0	0	0	0	0	(null)
sgene403	0	0	0	0	0	0	0	0	0	0	0	0	0	0	0	0	0	(null)
sgene404	0	0	0	0	0	0	0	0	0	0	0	0	0	0	0	0	0	(null)
sgene405	0	0	0	0	0	0	0	0	0	0	0	0	0	0	0	0	0	(null)
sgene406	0	0	0	0	0	0	0	0	0	0	0	0	0	0	0	0	0	(null)
sgene407	0	0	0	0	0	0	0	0	0	0	0	0	0	0	0	0	0	(null)
sgene408	0	0	0	0	0	0	0	0	0	0	0	0	0	0	0	0	0	(null)
sgene409	0	0	0	0	0	0	0	0	0	0	0	0	0	0	0	0	0	(null)
sgene410	0	0	0	0	0	0	0	0	0	0	0	0	0	0	0	0	0	(null)
sgene411	0	0	0	0	0	0	0	0	0	0	0	0	0	0	0	0	0	(null)
sgene412	0	0	0	0	0	0	0	0	0	0	0	0	0	0	0	0	0	(null)
sgene413	0	0	0	0	0	0	0	0	0	0	0	0	0	0	0	0	0	(null)
sgene414	0	0	0	0	0	0	0	0	0	0	0	0	0	0	0	0	0	(null)
sgene415	0	0	0	0	0	0	0	0	0	0	0	0	0	0	0	0	0	(null)
sgene416	0	0	0	0	0	0	0	0	0	0	0	0	0	0	0	0	0	(null)
sgene417	0	0	0	0	0	0	0	0	0	0	0	0	0	0	0	0	0	(null)
sgene418	0	0	0	0	0	0	0	0	0	0	0	0	0	0	0	0	0	(null)
sgene419	0	0	0	0	0	0	0	0	0	0	0	0	0	0	0	0	0	(null)
sgene420	0	0	0	0	0	0	0	0	0	0	0	0	0	0	0	0	0	(null)
sgene421	0	0	0	0	0	0	0	0	0	0	0	0	0	0	0	0	0	(null)
sgene422	0	0	0	0	0	0	0	0	0	0	0	0	0	0	0	0	0	(null)
sgene423	0	0	0	0	0	0	0	0	0	0	0	0	0	0	0	0	0	(null)
sgene424	0	0	0	0	0	0	0	0	0	0	0	0	0	0	0	0	0	(null)
sgene425	0	0	0	0	0	0	0	0	0	0	0	0	0	0	0	0	0	(null)
sgene426	0	0	0	0	0	0	0	0	0	0	0	0	0	0	0	0	0	(null)
sgene427	0	0	0	0	0	0	0	0	0	0	0	0	0	0	0	0	0	(null)
sgene428	0	0	0	0	0	0	0	0	0	0	0	0	0	0	0	0	0	(null)
sgene429	0	0	0	0	0	0	0	0	0	0	0	0	0	0	0	0	0	(null)
sgene430	0	0	0	0	0	0	0	0	0	0	0	0	0	0	0	0	0	(null)
sgene431	0	0	0	0	0	0	0	0	0	0	0	0	0	0	0	0	0	(null)
sgene432	0	0	0	0	0	0	0	0	0	0	0	0	0	0	0	0	0	(null)
sgene433	0	0	0	0	0	0	0	0	0	0	0	0	0	0	0	0	0	(null)
sgene434	0	0	0	0	0	0	0	0	0	0	0	0	0	0	0	0	0	(null)
sgene435	0	0	0	0	0	0	0	0	0	0	0	0	0	0	0	0	0	(null)
sgene436	0	0	0	0	0	0	0	0	0	0	0	0	0	0	0	0	0	(null)
sgene437	0	0	0	0	0	0	0	0	0	0	0	0	0	0	0	0	0	(null)
sgene438	0	0	0	0	0	0	0	0	0	0	0	0	0	0	0	0	0	(null)
sgene439	0	0	0	0	0	0	0	0	0	0	0	0	0	0	0	0	0	(null)
sgene440	0	0	0	0	0	0	0	0	0	0	0	0	0	0	0	0	0	(null)
sgene441	0	0	0	0	0	0	0	0	0	0	0	0	0	0	0	0	0	(null)
sgene442	0	0	0	0	0	0	0	0	0	0	0	0	0	0	0	0	0	(null)
sgene443	0	0	0	0	0	0	0	0	0	0	0	0	0	0	0	0	0	(null)
sgene444	0	0	0	0	0	0	0	0	0	0	0	0	0	0	0	0	0	(null)
sgene445	0	0	0	0	0	0	0	0	0	0	0	0	0	0	0	0	0	(null)
sgene446	0	0	0	0	0	0	0	0	0	0	0	0	0	0	0	0	0	(null)
sgene447	0	0	0	0	0	0	0	0	0	0	0	0	0	0	0	0	0	(null)
sgene448	0	0	0	0	0	0	0	0	0	0	0	0	0	0	0	0	0	(null)
sgene449	0	0	0	0	0	0	0	0	0	0	0	0	0	0	0	0	0	(null)
sgene450	0	0	0	0	0	0	0	0	0	0	0	0	0	0	0	0	0	(null)
sgene451	0	0	0	0	0	0	0	0	0	0	0	0	0	0	0	0	0	(null)
sgene452	0	0	0	0	0	0	0	0	0	0	0	0	0	0	0	0	0	(null)
sgene453	0	0	0	0	0	0	0	0	0	0	0	0	0	0	0	0	0	(null)
sgene454	0	0	0	0	0	0	0	0	0	0	0	0	0	0	0	0	0	(null)
sgene455	0	0	0	0	0	0	0	0	0	0	0	0	0	0	0	0	0	(null)
sgene456	0	0	0	0	0	0	0	0	0	0	0	0	0	0	0	0	0	(null)
sgene457	0	0	0	0	0	0	0	0	0	0	0	0	0	0	0	0	0	(null)
sgene458	0	0	0	0	0	0	0	0	0	0	0	0	0	0	0	0	0	(null)
sgene459	0	0	0	0	0	0	0	0	0	0	0	0	0	0	0	0	0	(null)
sgene460	0	0	0	0	0	0	0	0	0	0	0	0	0	0	0	0	0	(null)
sgene461	0	0	0	0	0	0	0	0	0	0	0	0	0	0	0	0	0	(null)
sgene462	0	0	0	0	0	0	0	0	0	0	0	0	0	0	0	0	0	(null)
sgene463	0	0	0	0	0	0	0	0	0	0	0	0	0	0	0	0	0	(null)
sgene464	0	0	0	0	0	0	0	0	0	0	0	0	0	0	0	0	0	(null)
sgene465	0	0	0	0	0	0	0	0	0	0	0	0	0	0	0	0	0	(null)
sgene466	0	0	0	0	0	0	0	0	0	0	0	0	0	0	0	0	0	(null)
sgene467	0	0	0	0	0	0	0	0	0	0	0	0	0	0	0	0	0	(null)
sgene468	0	0	0	0	0	0	0	0	0	0	0	0	0	0	0	0	0	(null)
sgene469	0	0	0	0	0	0	0	0	0	0	0	0	0	0	0	0	0	(null)
sgene470	0	0	0	0	0	0	0	0	0	0	0	0	0	0	0	0	0	(null)
sgene471	0	0	0	0	0	0	0	0	0	0	0	0	0	0	0	0	0	(null)
sgene472	0	0	0	0	0	0	0	0	0	0	0	0	0	0	0	0	0	(null)
sgene473	0	0	0	0	0	0	0	0	0	0	0	0	0	0	0	0	0	(null)
sgene474	0	0	0	0	0	0	0	0	0	0	0	0	0	0	0	0	0	(null)
sgene475	0	0	0	0	0	0	0	0	0	0	0	0	0	0	0	0	0	(null)
sgene476	0	0	0	0	0	0	0	0	0	0	0	0	0	0	0	0	0	(null)
sgene477	0	0	0	0	0	0	0	0	0	0	0	0	0	0	0	0	0	(null)
sgene478	0	0	0	0	0	0	0	0	0	0	0	0	0	0	0	0	0	(null)
sgene479	0	0	0	0	0	0	0	0	0	0	0	0	0	0	0	0	0	(null)
sgene480	0	0	0	0	0	0	0	0	0	0	0	0	0	0	0	0	0	(null)
sgene481	0	0	0	0	0	0	0	0	0	0	0	0	0	0	0	0	0	(null)
sgene482	0	0	0	0	0	0	0	0	0	0	0	0	0	0	0	0	0	(null)
sgene483	0	0	0	0	0	0	0	0	0	0	0	0	0	0	0	0	0	(null)
sgene484	0	0	0	0	0	0	0	0	0	0	0	0	0	0	0	0	0	(null)
sgene485	0	0	0	0	0	0	0	0	0	0	0	0	0	0	0	0	0	(null)
sgene486	0	0	0	0	0	0	0	0	0	0	0	0	0	0	0	0	0	(null)
sgene487	0	0	0	0	0	0	0	0	0	0	0	0	0	0	0	0	0	(null)
sgene488	0	0	0	0	0	0	0	0	0	0	0	0	0	0	0	0	0	(null)
sgene489	0	0	0	0	0	0	0	0	0	0	0	0	0	0	0	0	0	(null)
sgene490	0	0	0	0	0	0	0	0	0	0	0	0	0	0	0	0	0	(null)
sgene491	0	0	0	0	0	0	0	0	0	0	0	0	0	0	0	0	0	(null)
sgene492	0	0	0	0	0	0	0	0	0	0	0	0	0	0	0	0	0	(null)
sgene493	0	0	0	0	0	0	0	0	0	0	0	0	0	0	0	0	0	(null)
sgene494	0	0	0	0	0	0	0	0	0	0	0	0	0	0	0	0	0	(null)
sgene495	0	0	0	0	0	0	0	0	0	0	0	0	0	0	0	0	0	(null)
sgene496	0	0	0	0	0	0	0	0	0	0	0	0	0	0	0	0	0	(null)
sgene497	0	0	0	0	0	0	0	0	0	0	0	0	0	0	0	0	0	(null)
sgene498	0	0	0	0	0	0	0	0	0	0	0	0	0	0	0	0	0	(null)
sgene499	0	0	0	0	0	0	0	0	0	0	0	0	0	0	0	0	0	(null)
sgene500	0	0	0	0	0	0	0	0	0	0	0	0	0	0	0	0	0	(null)
sgene501	0	0	0	0	0	0	0	0	0	0	0	0	0	0	0	0	0	(null)
sgene502	0	0	0	0	0	0	0	0	0	0	0	0	0	0	0	0	0	(null)
sgene503	0	0	0	0	0	0	0	0	0	0	0	0	0	0	0	0	0	(null)
sgene504	0	0	0	0	0	0	0	0	0	0	0	0	0	0	0	0	0	(null)
sgene505	0	0	0	0	0	0	0	0	0	0	0	0	0	0	0	0	0	(null)
sgene506	0	0	0	0	0	0	0	0	0	0	0	0	0	0	0	0	0	(null)
sgene507	0	0	0	0	0	0	0	0	0	0	0	0	0	0	0	0	0	(null)
sgene508	0	0	0	0	0	0	0	0	0	0	0	0	0	0	0	0	0	(null)
sgene509	0	0	0	0	0	0	0	0	0	0	0	0	0	0	0	0	0	(null)
sgene510	0	0	0	0	0	0	0	0	0	0	0	0	0	0	0	0	0	(null)
sgene511	0	0	0	0	0	0	0	0	0	0	0	0	0	0	0	0	0	(null)
sgene512	0	0	0	0	0	0	0	0	0	0	0	0	0	0	0	0	0	(null)
sgene513	0	0	0	0	0	0	0	0	0	0	0	0	0	0	0	0	0	(null)
sgene514	0	0	0	0	0	0	0	0	0	0	0	0	0	0	0	0	0	(null)
sgene515	0	0	0	0	0	0	0	0	0	0	0	0	0	0	0	0	0	(null)
sgene516	0	0	0	0	0	0	0	0	0	0	0	0	0	0	0	0	0	(null)
sgene517	0	0	0	0	0	0	0	0	0	0	0	0	0	0	0	0	0	(null)
sgene518	0	0	0	0	0	0	0	0	0	0	0	0	0	0	0	0	0	(null)
sgene519	0	0	0	0	0	0	0	0	0	0	0	0	0	0	0	0	0	(null)
sgene520	0	0	0	0	0	0	0	0	0	0	0	0	0	0	0	0	0	(null)
sgene521	0	0	0	0	0	0	0	0	0	0	0	0	0	0	0	0	0	(null)
sgene522	0	0	0	0	0	0	0	0	0	0	0	0	0	0	0	0	0	(null)
sgene523	0	0	0	0	0	0	0	0	0	0	0	0	0	0	0	0	0	(null)
sgene524	0	0	0	0	0	0	0	0	0	0	0	0	0	0	0	0	0	(null)
sgene525	0	0	0	0	0	0	0	0	0	0	0	0	0	0	0	0	0	(null)
sgene526	0	0	0	0	0	0	0	0	0	0	0	0	0	0	0	0	0	(null)
sgene527	0	0	0	0	0	0	0	0	0	0	0	0	0	0	0	0	0	(null)
sgene528	0	0	0	0	0	0	0	0	0	0	0	0	0	0	0	0	0	(null)
sgene529	0	0	0	0	0	0	0	0	0	0	0	0	0	0	0	0	0	(null)
sgene530	0	0	0	0	0	0	0	0	0	0	0	0	0	0	0	0	0	(null)
sgene531	0	0	0	0	0	0	0	0	0	0	0	0	0	0	0	0	0	(null)
sgene532	0	0	0	0	0	0	0	0	0	0	0	0	0	0	0	0	0	(null)
sgene533	0	0	0	0	0	0	0	0	0	0	0	0	0	0	0	0	0	(null)
sgene534	0	0	0	0	0	0	0	0	0	0	0	0	0	0	0	0	0	(null)
sgene535	0	0	0	0	0	0	0	0	0	0	0	0	0	0	0	0	0	(null)
sgene536	0	0	0	0	0	0	0	0	0	0	0	0	0	0	0	0	0	(null)
sgene537	0	0	0	0	0	0	0	0	0	0	0	0	0	0	0	0	0	(null)
sgene538	0	0	0	0	0	0	0	0	0	0	0	0	0	0	0	0	0	(null)
sgene539	0	0	0	0	0	0	0	0	0	0	0	0	0	0	0	0	0	(null)
sgene540	0	0	0	0	0	0	0	0	0	0	0	0	0	0	0	0	0	(null)
sgene541	0	0	0	0	0	0	0	0	0	0	0	0	0	0	0	0	0	(null)
sgene542	0	0	0	0	0	0	0	0	0	0	0	0	0	0	0	0	0	(null)
sgene543	0	0	0	0	0	0	0	0	0	0	0	0	0	0	0	0	0	(null)
sgene544	0	0	0	0	0	0	0	0	0	0	0	0	0	0	0	0	0	(null)
sgene545	0	0	0	0	0	0	0	0	0	0	0	0	0	0	0	0	0	(null)
sgene546	0	0	0	0	0	0	0	0	0	0	0	0	0	0	0	0	0	(null)
sgene547	0	0	0	0	0	0	0	0	0	0	0	0	0	0	0	0	0	(null)
sgene548	0	0	0	0	0	0	0	0	0	0	0	0	0	0	0	0	0	(null)
sgene549	0	0	0	0	0	0	0	0	0	0	0	0	0	0	0	0	0	(null)
sgene550	0	0	0	0	0	0	0	0	0	0	0	0	0	0	0	0	0	(null)
sgene551	0	0	0	0	0	0	0	0	0	0	0	0	0	0	0	0	0	(null)
sgene552	0	0	0	0	0	0	0	0	0	0	0	0	0	0	0	0	0	(null)
sgene553	0	0	0	0	0	0	0	0	0	0	0	0	0	0	0	0	0	(null)
sgene554	0	0	0	0	0	0	0	0	0	0	0	0	0	0	0	0	0	(null)
sgene555	0	0	0	0	0	0	0	0	0	0	0	0	0	0	0	0	0	(null)
sgene556	0	0	0	0	0	0	0	0	0	0	0	0	0	0	0	0	0	(null)
sgene557	0	0	0	0	0	0	0	0	0	0	0	0	0	0	0	0	0	(null)
sgene558	0	0	0	0	0	0	0	0	0	0	0	0	0	0	0	0	0	(null)
sgene559	0	0	0	0	0	0	0	0	0	0	0	0	0	0	0	0	0	(null)
sgene560	0	0	0	0	0	0	0	0	0	0	0	0	0	0	0	0	0	(null)
sgene561	0	0	0	0	0	0	0	0	0	0	0	0	0	0	0	0	0	(null)
sgene562	0	0	0	0	0	0	0	0	0	0	0	0	0	0	0	0	0	(null)
sgene563	0	0	0	0	0	0	0	0	0	0	0	0	0	0	0	0	0	(null)
sgene564	0	0	0	0	0	0	0	0	0	0	0	0	0	0	0	0	0	(null)
sgene565	0	0	0	0	0	0	0	0	0	0	0	0	0	0	0	0	0	(null)
sgene566	0	0	0	0	0	0	0	0	0	0	0	0	0	0	0	0	0	(null)
sgene567	0	0	0	0	0	0	0	0	0	0	0	0	0	0	0	0	0	(null)
sgene568	0	0	0	0	0	0	0	0	0	0	0	0	0	0	0	0	0	(null)
sgene569	0	0	0	0	0	0	0	0	0	0	0	0	0	0	0	0	0	(null)
sgene570	0	0	0	0	0	0	0	0	0	0	0	0	0	0	0	0	0	(null)
sgene571	0	0	0	0	0	0	0	0	0	0	0	0	0	0	0	0	0	(null)
sgene572	0	0	0	0	0	0	0	0	0	0	0	0	0	0	0	0	0	(null)
sgene573	0	0	0	0	0	0	0	0	0	0	0	0	0	0	0	0	0	(null)
sgene574	0	0	0	0	0	0	0	0	0	0	0	0	0	0	0	0	0	(null)
sgene575	0	0	0	0	0	0	0	0	0	0	0	0	0	0	0	0	0	(null)
sgene576	0	0	0	0	0	0	0	0	0	0	0	0	0	0	0	0	0	(null)
sgene577	0	0	0	0	0	0	0	0	0	0	0	0	0	0	0	0	0	(null)
sgene578	0	0	0	0	0	0	0	0	0	0	0	0	0	0	0	0	0	(null)
sgene579	0	0	0	0	0	0	0	0	0	0	0	0	0	0	0	0	0	(null)
sgene580	0	0	0	0	0	0	0	0	0	0	0	0	0	0	0	0	0	(null)
sgene581	0	0	0	0	0	0	0	0	0	0	0	0	0	0	0	0	0	(null)
sgene582	0	0	0	0	0	0	0	0	0	0	0	0	0	0	0	0	0	(null)
sgene583	0	0	0	0	0	0	0	0	0	0	0	0	0	0	0	0	0	(null)
sgene584	0	0	0	0	0	0	0	0	0	0	0	0	0	0	0	0	0	(null)
sgene585	0	0	0	0	0	0	0	0	0	0	0	0	0	0	0	0	0	(null)
sgene586	0	0	0	0	0	0	0	0	0	0	0	0	0	0	0	0	0	(null)
sgene587	0	0	0	0	0	0	0	0	0	0	0	0	0	0	0	0	0	(null)
sgene588	0	0	0	0	0	0	0	0	0	0	0	0	0	0	0	0	0	(null)
sgene589	0	0	0	0	0	0	0	0	0	0	0	0	0	0	0	0	0	(null)
sgene590	0	0	0	0	0	0	0	0	0	0	0	0	0	0	0	0	0	(null)
sgene591	0	0	0	0	0	0	0	0	0	0	0	0	0	0	0	0	0	(null)
sgene592	0	0	0	0	0	0	0	0	0	0	0	0	0	0	0	0	0	(null)
sgene593	0	0	0	0	0	0	0	0	0	0	0	0	0	0	0	0	0	(null)
sgene594	0	0	0	0	0	0	0	0	0	0	0	0	0	0	0	0	0	(null)
sgene595	0	0	0	0	0	0	0	0	0	0	0	0	0	0	0	0	0	(null)
sgene596	0	0	0	0	0	0	0	0	0	0	0	0	0	0	0	0	0	(null)
sgene597	0	0	0	0	0	0	0	0	0	0	0	0	0	0	0	0	0	(null)
sgene598	0	0	0	0	0	0	0	0	0	0	0	0	0	0	0	0	0	(null)
sgene599	0	0	0	0	0	0	0	0	0	0	0	0	0	0	0	0	0	(null)
sgene600	0	0	0	0	0	0	0	0	0	0	0	0	0	0	0	0	0	(null)
sgene601	0	0	0	0	0	0	0	0	0	0	0	0	0	0	0	0	0	(null)
sgene602	0	0	0	0	0	0	0	0	0	0	0	0	0	0	0	0	0	(null)
sgene603	0	0	0	0	0	0	0	0	0	0	0	0	0	0	0	0	0	(null)
sgene604	0	0	0	0	0	0	0	0	0	0	0	0	0	0	0	0	0	(null)
sgene605	0	0	0	0	0	0	0	0	0	0	0	0	0	0	0	0	0	(null)
sgene606	0	0	0	0	0	0	0	0	0	0	0	0	0	0	0	0	0	(null)
sgene607	0	0	0	0	0	0	0	0	0	0	0	0	0	0	0	0	0	(null)
sgene608	0	0	0	0	0	0	0	0	0	0	0	0	0	0	0	0	0	(null)
sgene609	0	0	0	0	0	0	0	0	0	0	0	0	0	0	0	0	0	(null)
sgene610	0	0	0	0	0	0	0	0	0	0	0	0	0	0	0	0	0	(null)
sgene611	0	0	0	0	0	0	0	0	0	0	0	0	0	0	0	0	0	(null)
sgene612	0	0	0	0	0	0	0	0	0	0	0	0	0	0	0	0	0	(null)
sgene613	0	0	0	0	0	0	0	0	0	0	0	0	0	0	0	0	0	(null)
sgene614	0	0	0	0	0	0	0	0	0	0	0	0	0	0	0	0	0	(null)
sgene615	0	0	0	0	0	0	0	0	0	0	0	0	0	0	0	0	0	(null)
sgene616	0	0	0	0	0	0	0	0	0	0	0	0	0	0	0	0	0	(null)
sgene617	0	0	0	0	0	0	0	0	0	0	0	0	0	0	0	0	0	(null)
sgene618	0	0	0	0	0	0	0	0	0	0	0	0	0	0	0	0	0	(null)
sgene619	0	0	0	0	0	0	0	0	0	0	0	0	0	0	0	0	0	(null)
sgene620	0	0	0	0	0	0	0	0	0	0	0	0	0	0	0	0	0	(null)
sgene621	0	0	0	0	0	0	0	0	0	0	0	0	0	0	0	0	0	(null)
sgene622	0	0	0	0	0	0	0	0	0	0	0	0	0	0	0	0	0	(null)
sgene623	0	0	0	0	0	0	0	0	0	0	0	0	0	0	0	0	0	(null)
sgene624	0	0	0	0	0	0	0	0	0	0	0	0	0	0	0	0	0	(null)
sgene625	0	0	0	0	0	0	0	0	0	0	0	0	0	0	0	0	0	(null)
sgene626	0	0	0	0	0	0	0	0	0	0	0	0	0	0	0	0	0	(null)
sgene627	0	0	0	0	0	0	0	0	0	0	0	0	0	0	0	0	0	(null)
sgene628	0	0	0	0	0	0	0	0	0	0	0	0	0	0	0	0	0	(null)
sgene629	0	0	0	0	0	0	0	0	0	0	0	0	0	0	0	0	0	(null)
sgene630	0	0	0	0	0	0	0	0	0	0	0	0	0	0	0	0	0	(null)
sgene631	0	0	0	0	0	0	0	0	0	0	0	0	0	0	0	0	0	(null)
sgene632	0	0	0	0	0	0	0	0	0	0	0	0	0	0	0	0	0	(null)
sgene633	0	0	0	0	0	0	0	0	0	0	0	0	0	0	0	0	0	(null)
sgene634	0	0	0	0	0	0	0	0	0	0	0	0	0	0	0	0	0	(null)
sgene635	0	0	0	0	0	0	0	0	0	0	0	0	0	0	0	0	0	(null)
sgene636	0	0	0	0	0	0	0	0	0	0	0	0	0	0	0	0	0	(null)
sgene637	0	0	0	0	0	0	0	0	0	0	0	0	0	0	0	0	0	(null)
sgene638	0	0	0	0	0	0	0	0	0	0	0	0	0	0	0	0	0	(null)
sgene639	0	0	0	0	0	0	0	0	0	0	0	0	0	0	0	0	0	(null)
sgene640	0	0	0	0	0	0	0	0	0	0	0	0	0	0	0	0	0	(null)
sgene641	0	0	0	0	0	0	0	0	0	0	0	0	0	0	0	0	0	(null)
sgene642	0	0	0	0	0	0	0	0	0	0	0	0	0	0	0	0	0	(null)
sgene643	0	0	0	0	0	0	0	0	0	0	0	0	0	0	0	0	0	(null)
sgene644	0	0	0	0	0	0	0	0	0	0	0	0	0	0	0	0	0	(null)
sgene645	0	0	0	0	0	0	0	0	0	0	0	0	0	0	0	0	0	(null)
sgene646	0	0	0	0	0	0	0	0	0	0	0	0	0	0	0	0	0	(null)
sgene647	0	0	0	0	0	0	0	0	0	0	0	0	0	0	0	0	0	(null)
sgene648	0	0	0	0	0	0	0	0	0	0	0	0	0	0	0	0	0	(null)
sgene649	0	0	0	0	0	0	0	0	0	0	0	0	0	0	0	0	0	(null)
sgene650	0	0	0	0	0	0	0	0	0	0	0	0	0	0	0	0	0	(null)
sgene651	0	0	0	0	0	0	0	0	0	0	0	0	0	0	0	0	0	(null)
sgene652	0	0	0	0	0	0	0	0	0	0	0	0	0	0	0	0	0	(null)
sgene653	0	0	0	0	0	0	0	0	0	0	0	0	0	0	0	0	0	(null)
sgene654	0	0	0	0	0	0	0	0	0	0	0	0	0	0	0	0	0	(null)
sgene655	0	0	0	0	0	0	0	0	0	0	0	0	0	0	0	0	0	(null)
sgene656	0	0	0	0	0	0	0	0	0	0	0	0	0	0	0	0	0	(null)
sgene657	0	0	0	0	0	0	0	0	0	0	0	0	0	0	0	0	0	(null)
sgene658	0	0	0	0	0	0	0	0	0	0	0	0	0	0	0	0	0	(null)
sgene659	0	0	0	0	0	0	0	0	0	0	0	0	0	0	0	0	0	(null)
sgene660	0	0	0	0	0	0	0	0	0	0	0	0	0	0	0	0	0	(null)
sgene661	0	0	0	0	0	0	0	0	0	0	0	0	0	0	0	0	0	(null)
sgene662	0	0	0	0	0	0	0	0	0	0	0	0	0	0	0	0	0	(null)
sgene663	0	0	0	0	0	0	0	0	0	0	0	0	0	0	0	0	0	(null)
sgene664	0	0	0	0	0	0	0	0	0	0	0	0	0	0	0	0	0	(null)
sgene665	0	0	0	0	0	0	0	0	0	0	0	0	0	0	0	0	0	(null)
sgene666	0	0	0	0	0	0	0	0	0	0	0	0	0	0	0	0	0	(null)
sgene667	0	0	0	0	0	0	0	0	0	0	0	0	0	0	0	0	0	(null)
sgene668	0	0	0	0	0	0	0	0	0	0	0	0	0	0	0	0	0	(null)
sgene669	0	0	0	0	0	0	0	0	0	0	0	0	0	0	0	0	0	(null)
sgene670	0	0	0	0	0	0	0	0	0	0	0	0	0	0	0	0	0	(null)
sgene671	0	0	0	0	0	0	0	0	0	0	0	0	0	0	0	0	0	(null)
sgene672	0	0	0	0	0	0	0	0	0	0	0	0	0	0	0	0	0	(null)
sgene673	0	0	0	0	0	0	0	0	0	0	0	0	0	0	0	0	0	(null)
sgene674	0	0	0	0	0	0	0	0	0	0	0	0	0	0	0	0	0	(null)
sgene675	0	0	0	0	0	0	0	0	0	0	0	0	0	0	0	0	0	(null)
sgene676	0	0	0	0	0	0	0	0	0	0	0	0	0	0	0	0	0	(null)
sgene677	0	0	0	0	0	0	0	0	0	0	0	0	0	0	0	0	0	(null)
sgene678	0	0	0	0	0	0	0	0	0	0	0	0	0	0	0	0	0	(null)
sgene679	0	0	0	0	0	0	0	0	0	0	0	0	0	0	0	0	0	(null)
sgene680	0	0	0	0	0	0	0	0	0	0	0	0	0	0	0	0	0	(null)
sgene681	0	0	0	0	0	0	0	0	0	0	0	0	0	0	0	0	0	(null)
sgene682	0	0	0	0	0	0	0	0	0	0	0	0	0	0	0	0	0	(null)
sgene683	0	0	0	0	0	0	0	0	0	0	0	0	0	0	0	0	0	(null)
sgene684	0	0	0	0	0	0	0	0	0	0	0	0	0	0	0	0	0	(null)
sgene685	0	0	0	0	0	0	0	0	0	0	0	0	0	0	0	0	0	(null)
sgene686	0	0	0	0	0	0	0	0	0	0	0	0	0	0	0	0	0	(null)
sgene687	0	0	0	0	0	0	0	0	0	0	0	0	0	0	0	0	0	(null)
sgene688	0	0	0	0	0	0	0	0	0	0	0	0	0	0	0	0	0	(null)
sgene689	0	0	0	0	0	0	0	0	0	0	0	0	0	0	0	0	0	(null)
sgene690	0	0	0	0	0	0	0	0	0	0	0	0	0	0	0	0	0	(null)
sgene691	0	0	0	0	0	0	0	0	0	0	0	0	0	0	0	0	0	(null)
sgene692	0	0	0	0	0	0	0	0	0	0	0	0	0	0	0	0	0	(null)
sgene693	0	0	0	0	0	0	0	0	0	0	0	0	0	0	0	0	0	(null)
sgene694	0	0	0	0	0	0	0	0	0	0	0	0	0	0	0	0	0	(null)
sgene695	0	0	0	0	0	0	0	0	0	0	0	0	0	0	0	0	0	(null)
sgene696	0	0	0	0	0	0	0	0	0	0	0	0	0	0	0	0	0	(null)
sgene697	0	0	0	0	0	0	0	0	0	0	0	0	0	0	0	0	0	(null)
sgene698	0	0	0	0	0	0	0	0	0	0	0	0	0	0	0	0	0	(null)
sgene699	0	0	0	0	0	0	0	0	0	0	0	0	0	0	0	0	0	(null)
sgene700	0	0	0	0	0	0	0	0	0	0	0	0	0	0	0	0	0	(null)
sgene701	0	0	0	0	0	0	0	0	0	0	0	0	0	0	0	0	0	(null)
sgene702	0	0	0	0	0	0	0	0	0	0	0	0	0	0	0	0	0	(null)
sgene703	0	0	0	0	0	0	0	0	0	0	0	0	0	0	0	0	0	(null)
sgene704	0	0	0	0	0	0	0	0	0	0	0	0	0	0	0	0	0	(null)
sgene705	0	0	0	0	0	0	0	0	0	0	0	0	0	0	0	0	0	(null)
sgene706	0	0	0	0	0	0	0	0	0	0	0	0	0	0	0	0	0	(null)
sgene707	0	0	0	0	0	0	0	0	0	0	0	0	0	0	0	0	0	(null)
sgene708	0	0	0	0	0	0	0	0	0	0	0	0	0	0	0	0	0	(null)
sgene709	0	0	0	0	0	0	0	0	0	0	0	0	0	0	0	0	0	(null)
sgene710	0	0	0	0	0	0	0	0	0	0	0	0	0	0	0	0	0	(null)
sgene711	0	0	0	0	0	0	0	0	0	0	0	0	0	0	0	0	0	(null)
sgene712	0	0	0	0	0	0	0	0	0	0	0	0	0	0	0	0	0	(null)
sgene713	0	0	0	0	0	0	0	0	0	0	0	0	0	0	0	0	0	(null)
sgene714	0	0	0	0	0	0	0	0	0	0	0	0	0	0	0	0	0	(null)
sgene715	0	0	0	0	0	0	0	0	0	0	0	0	0	0	0	0	0	(null)
sgene716	0	0	0	0	0	0	0	0	0	0	0	0	0	0	0	0	0	(null)
sgene717	0	0	0	0	0	0	0	0	0	0	0	0	0	0	0	0	0	(null)
sgene718	0	0	0	0	0	0	0	0	0	0	0	0	0	0	0	0	0	(null)
sgene719	0	0	0	0	0	0	0	0	0	0	0	0	0	0	0	0	0	(null)
sgene720	0	0	0	0	0	0	0	0	0	0	0	0	0	0	0	0	0	(null)
sgene721	0	0	0	0	0	0	0	0	0	0	0	0	0	0	0	0	0	(null)
sgene722	0	0	0	0	0	0	0	0	0	0	0	0	0	0	0	0	0	(null)
sgene723	0	0	0	0	0	0	0	0	0	0	0	0	0	0	0	0	0	(null)
sgene724	0	0	0	0	0	0	0	0	0	0	0	0	0	0	0	0	0	(null)
sgene725	0	0	0	0	0	0	0	0	0	0	0	0	0	0	0	0	0	(null)
sgene726	0	0	0	0	0	0	0	0	0	0	0	0	0	0	0	0	0	(null)
sgene727	0	0	0	0	0	0	0	0	0	0	0	0	0	0	0	0	0	(null)
sgene728	0	0	0	0	0	0	0	0	0	0	0	0	0	0	0	0	0	(null)
sgene729	0	0	0	0	0	0	0	0	0	0	0	0	0	0	0	0	0	(null)
sgene730	0	0	0	0	0	0	0	0	0	0	0	0	0	0	0	0	0	(null)
sgene731	0	0	0	0	0	0	0	0	0	0	0	0	0	0	0	0	0	(null)
sgene732	0	0	0	0	0	0	0	0	0	0	0	0	0	0	0	0	0	(null)
sgene733	0	0	0	0	0	0	0	0	0	0	0	0	0	0	0	0	0	(null)
sgene734	0	0	0	0	0	0	0	0	0	0	0	0	0	0	0	0	0	(null)
sgene735	0	0	0	0	0	0	0	0	0	0	0	0	0	0	0	0	0	(null)
sgene736	0	0	0	0	0	0	0	0	0	0	0	0	0	0	0	0	0	(null)
sgene737	0	0	0	0	0	0	0	0	0	0	0	0	0	0	0	0	0	(null)
sgene738	0	0	0	0	0	0	0	0	0	0	0	0	0	0	0	0	0	(null)
sgene739	0	0	0	0	0	0	0	0	0	0	0	0	0	0	0	0	0	(null)
sgene740	0	0	0	0	0	0	0	0	0	0	0	0	0	0	0	0	0	(null)
sgene741	0	0	0	0	0	0	0	0	0	0	0	0	0	0	0	0	0	(null)
sgene742	0	0	0	0	0	0	0	0	0	0	0	0	0	0	0	0	0	(null)
sgene743	0	0	0	0	0	0	0	0	0	0	0	0	0	0	0	0	0	(null)
sgene744	0	0	0	0	0	0	0	0	0	0	0	0	0	0	0	0	0	(null)
sgene745	0	0	0	0	0	0	0	0	0	0	0	0	0	0	0	0	0	(null)
sgene746	0	0	0	0	0	0	0	0	0	0	0	0	0	0	0	0	0	(null)
sgene747	0	0	0	0	0	0	0	0	0	0	0	0	0	0	0	0	0	(null)
sgene748	0	0	0	0	0	0	0	0	0	0	0	0	0	0	0	0	0	(null)
sgene749	0	0	0	0	0	0	0	0	0	0	0	0	0	0	0	0	0	(null)
sgene750	0	0	0	0	0	0	0	0	0	0	0	0	0	0	0	0	0	(null)
sgene751	0	0	0	0	0	0	0	0	0	0	0	0	0	0	0	0	0	(null)
sgene752	0	0	0	0	0	0	0	0	0	0	0	0	0	0	0	0	0	(null)
sgene753	0	0	0	0	0	0	0	0	0	0	0	0	0	0	0	0	0	(null)
sgene754	0	0	0	0	0	0	0	0	0	0	0	0	0	0	0	0	0	(null)
sgene755	0	0	0	0	0	0	0	0	0	0	0	0	0	0	0	0	0	(null)
sgene756	0	0	0	0	0	0	0	0	0	0	0	0	0	0	0	0	0	(null)
sgene757	0	0	0	0	0	0	0	0	0	0	0	0	0	0	0	0	0	(null)
sgene758	0	0	0	0	0	0	0	0	0	0	0	0	0	0	0	0	0	(null)
sgene759	0	0	0	0	0	0	0	0	0	0	0	0	0	0	0	0	0	(null)
sgene760	0	0	0	0	0	0	0	0	0	0	0	0	0	0	0	0	0	(null)
sgene761	0	0	0	0	0	0	0	0	0	0	0	0	0	0	0	0	0	(null)
sgene762	0	0	0	0	0	0	0	0	0	0	0	0	0	0	0	0	0	(null)
sgene763	0	0	0	0	0	0	0	0	0	0	0	0	0	0	0	0	0	(null)
sgene764	0	0	0	0	0	0	0	0	0	0	0	0	0	0	0	0	0	(null)
sgene765	0	0	0	0	0	0	0	0	0	0	0	0	0	0	0	0	0	(null)
sgene766	0	0	0	0	0	0	0	0	0	0	0	0	0	0	0	0	0	(null)
sgene767	0	0	0	0	0	0	0	0	0	0	0	0	0	0	0	0	0	(null)
sgene768	0	0	0	0	0	0	0	0	0	0	0	0	0	0	0	0	0	(null)
sgene769	0	0	0	0	0	0	0	0	0	0	0	0	0	0	0	0	0	(null)
sgene770	0	0	0	0	0	0	0	0	0	0	0	0	0	0	0	0	0	(null)
sgene771	0	0	0	0	0	0	0	0	0	0	0	0	0	0	0	0	0	(null)
sgene772	0	0	0	0	0	0	0	0	0	0	0	0	0	0	0	0	0	(null)
sgene773	0	0	0	0	0	0	0	0	0	0	0	0	0	0	0	0	0	(null)
sgene774	0	0	0	0	0	0	0	0	0	0	0	0	0	0	0	0	0	(null)
sgene775	0	0	0	0	0	0	0	0	0	0	0	0	0	0	0	0	0	(null)
sgene776	0	0	0	0	0	0	0	0	0	0	0	0	0	0	0	0	0	(null)
sgene777	0	0	0	0	0	0	0	0	0	0	0	0	0	0	0	0	0	(null)
sgene778	0	0	0	0	0	0	0	0	0	0	0	0	0	0	0	0	0	(null)
sgene779	0	0	0	0	0	0	0	0	0	0	0	0	0	0	0	0	0	(null)
sgene780	0	0	0	0	0	0	0	0	0	0	0	0	0	0	0	0	0	(null)
sgene781	0	0	0	0	0	0	0	0	0	0	0	0	0	0	0	0	0	(null)
sgene782	0	0	0	0	0	0	0	0	0	0	0	0	0	0	0	0	0	(null)
sgene783	0	0	0	0	0	0	0	0	0	0	0	0	0	0	0	0	0	(null)
sgene784	0	0	0	0	0	0	0	0	0	0	0	0	0	0	0	0	0	(null)
sgene785	0	0	0	0	0	0	0	0	0	0	0	0	0	0	0	0	0	(null)
sgene786	0	0	0	0	0	0	0	0	0	0	0	0	0	0	0	0	0	(null)
sgene787	0	0	0	0	0	0	0	0	0	0	0	0	0	0	0	0	0	(null)
sgene788	0	0	0	0	0	0	0	0	0	0	0	0	0	0	0	0	0	(null)
sgene789	0	0	0	0	0	0	0	0	0	0	0	0	0	0	0	0	0	(null)
sgene790	0	0	0	0	0	0	0	0	0	0	0	0	0	0	0	0	0	(null)
sgene791	0	0	0	0	0	0	0	0	0	0	0	0	0	0	0	0	0	(null)
sgene792	0	0	0	0	0	0	0	0	0	0	0	0	0	0	0	0	0	(null)
sgene793	0	0	0	0	0	0	0	0	0	0	0	0	0	0	0	0	0	(null)
sgene794	0	0	0	0	0	0	0	0	0	0	0	0	0	0	0	0	0	(null)
sgene795	0	0	0	0	0	0	0	0	0	0	0	0	0	0	0	0	0	(null)
sgene796	0	0	0	0	0	0	0	0	0	0	0	0	0	0	0	0	0	(null)
sgene797	0	0	0	0	0	0	0	0	0	0	0	0	0	0	0	0	0	(null)
sgene798	0	0	0	0	0	0	0	0	0	0	0	0	0	0	0	0	0	(null)
sgene799	0	0	0	0	0	0	0	0	0	0	0	0	0	0	0	0	0	(null)
sgene800	0	0	0	0	0	0	0	0	0	0	0	0	0	0	0	0	0	(null)
sgene801	0	0	0	0	0	0	0	0	0	0	0	0	0	0	0	0	0	(null)
sgene802	0	0	0	0	0	0	0	0	0	0	0	0	0	0	0	0	0	(null)
sgene803	0	0	0	0	0	0	0	0	0	0	0	0	0	0	0	0	0	(null)
sgene804	0	0	0	0	0	0	0	0	0	0	0	0	0	0	0	0	0	(null)
sgene805	0	0	0	0	0	0	0	0	0	0	0	0	0	0	0	0	0	(null)
sgene806	0	0	0	0	0	0	0	0	0	0	0	0	0	0	0	0	0	(null)
sgene807	0	0	0	0	0	0	0	0	0	0	0	0	0	0	0	0	0	(null)
sgene808	0	0	0	0	0	0	0	0	0	0	0	0	0	0	0	0	0	(null)
sgene809	0	0	0	0	0	0	0	0	0	0	0	0	0	0	0	0	0	(null)
sgene810	0	0	0	0	0	0	0	0	0	0	0	0	0	0	0	0	0	(null)
sgene811	0	0	0	0	0	0	0	0	0	0	0	0	0	0	0	0	0	(null)
